views,comments,AFRAID,AMUSED,ANGRY,ANNOYED,DONT_CARE,HAPPY,INSPIRED,SAD
47227110,4553,0.09279423,0.114176605,0.116471805,0.132364529,0.129963201,0.105839372,0.201247416,0.107142843
3200520,265,0.108237614,0.111975264,0.121798938,0.134885372,0.129981294,0.107099515,0.178587583,0.107434419
1636292,124,0.093671715,0.123894356,0.115409578,0.138560187,0.138517692,0.108802429,0.179580337,0.101563706
1697550,200,0.105925864,0.106197401,0.128772087,0.134355708,0.121305465,0.108597426,0.182394467,0.11245158
12005869,593,0.108617148,0.112214739,0.11895936,0.129735265,0.126809477,0.10717324,0.184242774,0.112247996
20685401,672,0.092114256,0.116661635,0.11816977,0.134694871,0.130614767,0.104131462,0.197492442,0.106120797
3769987,919,0.090205499,0.116637894,0.124159897,0.138733003,0.134178108,0.101125535,0.186588126,0.10837194
967741,46,0.097538787,0.118689061,0.120687579,0.135353402,0.127822368,0.112162876,0.183925912,0.103820016
2567958,852,0.097293165,0.122384702,0.12022468,0.139612124,0.126175001,0.101392382,0.192593343,0.100324604
3095993,900,0.092161264,0.113276307,0.123769083,0.137958482,0.132395179,0.102693874,0.19249302,0.105252791
1211416,79,0.100856952,0.108010201,0.11972246,0.133287739,0.12895048,0.108494203,0.192739207,0.107938756
387877,55,0.099785922,0.113760491,0.11929658,0.131574151,0.130935389,0.104004087,0.187999821,0.112643557
693341,71,0.150143172,0.10555703,0.120785687,0.128991707,0.118601471,0.098877006,0.166453987,0.110589939
4531020,242,0.089092955,0.127565972,0.110834876,0.129818126,0.136953114,0.115949678,0.191348087,0.098437192
358304,99,0.094300708,0.116473834,0.116789598,0.13830436,0.134487483,0.110197898,0.184441855,0.105004263
2702470,325,0.081874479,0.125032739,0.103928546,0.135185523,0.134325655,0.110468112,0.204548799,0.104636147
1628912,305,0.079724424,0.134849769,0.103445431,0.133127471,0.145001774,0.115558861,0.196537268,0.091755002
1415724,88,0.110284051,0.109915653,0.120072188,0.12598154,0.120036201,0.109388828,0.186489593,0.117831945
1074081,163,0.096948163,0.123498574,0.110214681,0.130734659,0.131785716,0.10954365,0.196286526,0.100988031
1106561,84,0.095982224,0.117313108,0.123508333,0.141824271,0.132716918,0.104231986,0.185068335,0.099354825
966439,108,0.09347904,0.120359961,0.11306812,0.133804687,0.128345136,0.111084475,0.202249911,0.097608671
6141440,185,0.093987225,0.11994733,0.120949315,0.137144461,0.133604345,0.106552064,0.18640429,0.10141097
518624,50,0.091717895,0.116078465,0.11876621,0.133318636,0.134848002,0.103541384,0.193706743,0.108022665
9260764,556,0.094786579,0.125805779,0.112842254,0.131351009,0.132109648,0.102242769,0.193499988,0.107361974
1131864,117,0.096144697,0.116424155,0.118399603,0.130736721,0.133335274,0.102562597,0.192833559,0.109563393
1096862,184,0.106462359,0.122741609,0.12107412,0.131912484,0.124621077,0.101958174,0.185727155,0.105503022
2885999,507,0.10238811,0.12837705,0.112597138,0.12836082,0.127649338,0.104077339,0.189580381,0.106969825
2863214,95,0.097379148,0.115092768,0.132030903,0.136067549,0.130054384,0.102266771,0.176800542,0.110307935
7023562,355,0.093305362,0.12689407,0.113585224,0.128669899,0.132259702,0.117142835,0.190098806,0.098044102
14689301,970,0.093973221,0.122661027,0.114270187,0.134583212,0.132398371,0.103272504,0.193978554,0.104862924
10000702,991,0.093553415,0.124343109,0.118023237,0.136842589,0.133122357,0.106290976,0.182235375,0.105588943
1030267,213,0.125066123,0.116047825,0.117358697,0.133064931,0.117347842,0.097389463,0.177136571,0.116588546
3277740,612,0.103155827,0.118089916,0.119629069,0.134782412,0.127532174,0.104212457,0.187453638,0.105144506
503517,74,0.105310192,0.10849103,0.129497488,0.135868113,0.123715108,0.105345507,0.180829262,0.1109433
705389,58,0.099943693,0.110922137,0.119843997,0.13347228,0.129087445,0.107941065,0.187157026,0.111632358
580891,43,0.097054377,0.114504232,0.123366873,0.139223456,0.131706001,0.108018547,0.182535212,0.103591302
809226,67,0.108665238,0.109545772,0.127135184,0.139165968,0.121257802,0.106013199,0.18277853,0.105438307
2028451,186,0.100793845,0.118017171,0.115828234,0.132115935,0.133788096,0.109177769,0.181823655,0.108455295
745231,57,0.111319429,0.118430824,0.114825688,0.128449655,0.128467975,0.103403835,0.178088931,0.117013663
718649,112,0.098992774,0.113547974,0.116819565,0.133287396,0.130299931,0.106815771,0.19368748,0.10654911
975107,58,0.100631242,0.112029163,0.11895251,0.131690055,0.129706615,0.10764347,0.188305362,0.111041582
382996,33,0.123988545,0.119651074,0.120702225,0.127137012,0.121973883,0.101943248,0.170932012,0.113672001
1053758,105,0.104823285,0.118749504,0.121047585,0.136082148,0.126471912,0.101564687,0.178216701,0.113044179
5364639,494,0.093670638,0.127296467,0.113716442,0.132749852,0.134356332,0.107566206,0.189608999,0.101035064
2434344,233,0.109473951,0.125267277,0.113606827,0.132269109,0.126430179,0.10870943,0.184679622,0.099563604
1536873,149,0.096879658,0.12482208,0.117440254,0.132621094,0.127701804,0.106293523,0.19297671,0.101264876
904215,52,0.098078898,0.110460772,0.131391887,0.133562581,0.127017172,0.103839048,0.18091989,0.114729752
10841210,578,0.086889376,0.112007409,0.116811931,0.139606203,0.134799057,0.105693649,0.201784983,0.102407391
1813665,95,0.093463212,0.129208963,0.115427175,0.134990588,0.134057534,0.104952893,0.186198273,0.101701362
2299265,199,0.13925553,0.111648987,0.109591754,0.123794703,0.119360093,0.103799223,0.173765325,0.118784385
673036,85,0.104879591,0.10756286,0.130446552,0.131520219,0.122054036,0.103303162,0.178598498,0.121635082
1391142,499,0.103528397,0.109679147,0.121289775,0.137500036,0.126353985,0.107303868,0.188676082,0.105668709
2532851,371,0.100707511,0.119632977,0.118522921,0.127602115,0.126534356,0.101522825,0.191562775,0.113914519
882034,59,0.102777023,0.112539744,0.120548286,0.128332838,0.12575995,0.102838145,0.187855162,0.119348852
2121177,203,0.111767381,0.127543299,0.109710235,0.126728632,0.126433085,0.103772019,0.189483587,0.104561763
1090180,130,0.099052506,0.115610799,0.120479387,0.139391851,0.126862042,0.103948231,0.193347191,0.101307994
684519,47,0.126852495,0.11102255,0.122087452,0.12517682,0.1168236,0.101347253,0.176286359,0.120403471
1409327,91,0.094353122,0.117623628,0.114837867,0.133019912,0.132791366,0.110763881,0.198282575,0.098327649
978825,111,0.092965767,0.114026282,0.126310575,0.135868893,0.130838065,0.101571262,0.184324507,0.114094647
442553,28,0.094932199,0.126239974,0.111131147,0.132878777,0.130078119,0.110162586,0.196783176,0.097794022
691814,64,0.100483903,0.120544543,0.120592603,0.13203056,0.128657769,0.109217583,0.185836808,0.102636231
2441805,226,0.095131232,0.118866915,0.112613264,0.13336128,0.133087786,0.105975725,0.193337388,0.10762641
849859,97,0.118029157,0.104149366,0.125727079,0.13130189,0.12134172,0.104569908,0.179523635,0.115357245
1335732,89,0.120680939,0.118585224,0.119845609,0.124351082,0.116166761,0.101722633,0.186281099,0.112366654
1262674,107,0.117620144,0.101616067,0.137597053,0.131013388,0.116007464,0.099135016,0.173462627,0.123548242
1663001,161,0.104125742,0.119303886,0.120045898,0.12884498,0.124060126,0.102297586,0.191077575,0.110244207
5570544,220,0.096911579,0.119959649,0.11449882,0.130772175,0.134895546,0.108396792,0.189267002,0.105298437
1520908,114,0.098882894,0.125504287,0.115689259,0.133030643,0.128711104,0.103273123,0.190720824,0.104187866
2138907,88,0.089690765,0.12606125,0.112236655,0.129946945,0.136752692,0.109167503,0.194583423,0.101560767
680134,130,0.107934481,0.113982332,0.121575104,0.131506168,0.125852834,0.106377136,0.180380217,0.112391728
690928,49,0.106259791,0.124965899,0.116529418,0.125638859,0.124433284,0.105141884,0.187999507,0.109031359
1762302,86,0.087310896,0.124553705,0.113734387,0.135292635,0.139421391,0.105778101,0.193614751,0.100294134
1392010,107,0.100300767,0.118517106,0.114557199,0.132157316,0.128462601,0.106151206,0.195798389,0.104055416
660909,50,0.104154791,0.115247004,0.120858732,0.133799573,0.127114902,0.108717477,0.186603326,0.103504196
867495,78,0.089473257,0.119842065,0.11614709,0.133511713,0.135903069,0.105239909,0.194265958,0.10561694
395769,40,0.093233572,0.112931511,0.11794565,0.13142879,0.13175336,0.111815745,0.193801081,0.107090292
761930,27,0.094025101,0.120663724,0.115606627,0.133999703,0.132156434,0.106276425,0.197023971,0.100248014
1149090,84,0.089248349,0.124005131,0.117557529,0.1338786,0.134390627,0.107622444,0.187724775,0.105572546
762264,131,0.10193469,0.118541137,0.112441591,0.13370495,0.126722956,0.105005845,0.197034074,0.104614757
1920434,127,0.102239843,0.12274622,0.111758762,0.127933436,0.125806099,0.106767963,0.19729977,0.105447905
560904,34,0.12722832,0.131140861,0.115631865,0.124293331,0.112754718,0.101023581,0.182830226,0.105097098
606311,47,0.090711904,0.126036586,0.114519389,0.139010511,0.137054616,0.110029743,0.186065862,0.09657139
2197377,335,0.095928435,0.125727756,0.115119833,0.129452512,0.130606505,0.107877926,0.192711663,0.10257537
1697185,143,0.115980607,0.121795828,0.108702304,0.121993453,0.125608178,0.105600125,0.189107547,0.111211957
1115081,57,0.114453917,0.121460172,0.113960252,0.124032279,0.126120761,0.109036348,0.177165009,0.113771262
591379,39,0.080144542,0.144275252,0.083468091,0.130218697,0.142216921,0.12671457,0.194583003,0.098378925
398713,34,0.096063888,0.125559004,0.111906084,0.129359676,0.137360095,0.106770902,0.185532651,0.107447701
2676717,501,0.091673266,0.127088399,0.11296443,0.134390251,0.132125069,0.105474131,0.195421299,0.100863155
4165572,296,0.088286052,0.119485047,0.111524915,0.132830278,0.135181948,0.110183375,0.199383577,0.103124807
1426390,231,0.108869552,0.110157225,0.124592522,0.131127144,0.120909674,0.106462043,0.186313643,0.111568197
754700,58,0.099654444,0.118603207,0.121389289,0.133684452,0.127474831,0.10548602,0.18126861,0.112439148
643078,58,0.096030649,0.120071468,0.113224852,0.128935435,0.138499081,0.10816898,0.18322168,0.111847856
513672,75,0.084720497,0.116406753,0.103418144,0.126846706,0.14506046,0.104194265,0.204756306,0.11459687
428351,50,0.095538416,0.122525653,0.111582875,0.129311203,0.131621463,0.110715841,0.192435902,0.106268646
616385,588,0.101052187,0.111559272,0.122846477,0.136841577,0.124801889,0.099062761,0.19170424,0.112131597
4374792,6404,0.096892113,0.118954382,0.125335147,0.142540619,0.126038273,0.100914721,0.189845728,0.099479017
609087,49,0.10419554,0.118176136,0.11418489,0.134004019,0.133003693,0.107194181,0.1862456,0.10299594
443180,39,0.105024304,0.155492211,0.091613077,0.129806271,0.138664384,0.105675431,0.172179673,0.101544649
904520,42,0.10404014,0.118318264,0.11424845,0.132072607,0.13228846,0.111817807,0.181700016,0.105514257
717002,67,0.129187957,0.106447093,0.104747151,0.106956348,0.13145386,0.10519626,0.164067726,0.151943604
1451846,56,0.092293125,0.118459277,0.117070559,0.135919079,0.13483888,0.10729605,0.190647482,0.103475548
577502,72,0.090469923,0.117804752,0.104969529,0.122229533,0.136165993,0.101812549,0.197136381,0.129411341
1683456,328,0.101886035,0.112195619,0.121569566,0.134091455,0.126818566,0.105011322,0.187698254,0.110729181
779873,32,0.096367759,0.122370525,0.110794411,0.12940461,0.135332436,0.113906585,0.189976186,0.101847488
940913,99,0.107344889,0.10592626,0.121122225,0.132265413,0.12536655,0.113109854,0.17874411,0.116120698
1371482,230,0.096346129,0.125257925,0.112512932,0.132830609,0.131447312,0.104326878,0.194188102,0.103090113
870412,87,0.113880107,0.121575758,0.115288084,0.127288904,0.127343278,0.102773194,0.181448499,0.110402176
4772595,260,0.09221326,0.126480461,0.114645037,0.132154358,0.134381129,0.111920815,0.191938328,0.096266612
805111,295,0.1083631,0.114925027,0.119316441,0.135817505,0.126557634,0.107982973,0.183905652,0.103131668
1044185,127,0.106628477,0.106620522,0.126376517,0.135764242,0.127472756,0.10847212,0.180410199,0.108255167
1479503,124,0.086568998,0.125205158,0.109587058,0.131654191,0.139346222,0.110245084,0.193583062,0.103810227
1493606,220,0.092042984,0.120985281,0.11233893,0.133784393,0.130650845,0.100556866,0.205423606,0.104217096
404402,14,0.094653481,0.112785739,0.122510668,0.136343133,0.129099411,0.105216854,0.190074623,0.109316092
1136037,305,0.108237973,0.111065033,0.131656085,0.136853778,0.125446721,0.104384582,0.172051377,0.110304452
308879,22,0.103259092,0.12314637,0.113022886,0.129256177,0.130344163,0.110797399,0.183920644,0.106253269
3243784,261,0.102925981,0.111227281,0.117637617,0.129743833,0.128460184,0.106595259,0.190624685,0.112785159
1801117,240,0.109409844,0.119163151,0.1176012,0.129649058,0.125635547,0.107837849,0.181730945,0.108972406
1596067,392,0.112930218,0.125835705,0.112850637,0.130072308,0.125121606,0.098006815,0.190595208,0.104587502
1427723,150,0.116892201,0.115733607,0.117989382,0.129043616,0.123553934,0.100678904,0.183894625,0.112213731
1049727,145,0.100593879,0.121523469,0.112766557,0.130152028,0.133424281,0.106540177,0.189021018,0.10597859
854967,136,0.12426945,0.110643832,0.117239984,0.132289415,0.122898331,0.10335614,0.178982563,0.110320285
1107307,126,0.093535142,0.131269004,0.105242882,0.127266652,0.132931651,0.112974554,0.198420695,0.098359418
3387765,276,0.09653866,0.118290166,0.118783482,0.134804553,0.131889444,0.107215146,0.180995898,0.111482651
1788182,231,0.09306104,0.124821403,0.11003279,0.133581187,0.130835396,0.108031789,0.203989327,0.095647068
558993,80,0.093511107,0.113788545,0.121728726,0.140565574,0.131195928,0.104554621,0.185526526,0.109128973
648234,97,0.107493043,0.105541992,0.133764775,0.139754181,0.122158926,0.104026674,0.178288879,0.10897153
524049,108,0.105143587,0.10621321,0.12479455,0.133829935,0.124479695,0.10540619,0.187041596,0.113091237
1543596,174,0.094225647,0.111126689,0.114838406,0.125137209,0.125307958,0.107302501,0.201421505,0.120640084
335086,31,0.108809596,0.1119269,0.118655641,0.133522309,0.130286027,0.110744035,0.178392125,0.107663366
1216429,150,0.098353138,0.106744948,0.124445671,0.137942508,0.126249642,0.103471321,0.195061506,0.107731266
561703,77,0.094867337,0.11639359,0.121904718,0.135502894,0.129511917,0.103328371,0.188845545,0.109645626
836269,106,0.101537935,0.110009844,0.120129742,0.13288519,0.129001976,0.108227731,0.190838771,0.107368812
531957,60,0.077075946,0.122810913,0.105467664,0.128345157,0.14941969,0.111844117,0.201177271,0.103859242
727247,49,0.093639001,0.11245627,0.115414312,0.135237967,0.134489616,0.108340528,0.198478554,0.101943753
1575699,102,0.098807356,0.118626897,0.115651822,0.130581442,0.132116568,0.107620927,0.190396061,0.106198926
1013063,151,0.086435619,0.132568446,0.1145018,0.136148648,0.134160646,0.103478987,0.194812554,0.097893301
722877,126,0.109846179,0.101691575,0.133813365,0.140913823,0.117674252,0.106223656,0.178436391,0.11140076
3982352,304,0.108588634,0.115784592,0.117240837,0.125383585,0.131150831,0.104505583,0.176115064,0.121230874
1914263,124,0.094810675,0.121743381,0.127671632,0.140095135,0.126043378,0.105110349,0.187376226,0.097149223
2063367,677,0.112733737,0.109883273,0.134984877,0.134077102,0.120629176,0.100712264,0.169204153,0.117775417
507997,164,0.100582501,0.112285513,0.124104739,0.13514081,0.131764406,0.101583505,0.180158629,0.114379896
913666,65,0.107563198,0.124045571,0.121505623,0.128803508,0.122915861,0.100873594,0.184680981,0.109611665
1215947,83,0.087209721,0.125492632,0.105159236,0.12997665,0.139376491,0.106675849,0.204391368,0.101718053
1712075,169,0.117265709,0.120548733,0.115037662,0.126631626,0.122771932,0.101565962,0.185070118,0.111108257
736290,29,0.106108344,0.116774725,0.118125708,0.130326377,0.128302283,0.108093473,0.180697328,0.111571763
2627709,225,0.122108819,0.1244133,0.112160757,0.121098909,0.123007519,0.103357416,0.179142751,0.11471053
1609555,80,0.097227624,0.11779293,0.118584638,0.135639258,0.131127613,0.105117253,0.188719064,0.105791619
1212346,242,0.088945174,0.142676613,0.107252572,0.131409831,0.130878662,0.110115763,0.196648494,0.09207289
672254,45,0.086217638,0.121568164,0.115929111,0.131497991,0.133843839,0.105038902,0.197894406,0.10800995
694378,145,0.09609238,0.118210633,0.116679428,0.134553811,0.133410433,0.106624923,0.193149668,0.101278724
3930186,432,0.109861902,0.123857722,0.117266945,0.129441701,0.123594078,0.100207621,0.188004196,0.107765836
562457,64,0.109928135,0.108588041,0.124158183,0.134582449,0.125392102,0.110588997,0.176492563,0.110269529
1522858,262,0.103838948,0.114827484,0.11476101,0.133610593,0.128731404,0.101310051,0.189006961,0.113913549
7271730,412,0.097074937,0.116116193,0.114288227,0.131200037,0.127715625,0.102853623,0.201718333,0.109033027
1895259,328,0.095777847,0.117012093,0.122192183,0.139184582,0.129924128,0.108987859,0.189391427,0.097529882
410563,40,0.098020546,0.134435065,0.108638203,0.13180029,0.125437253,0.10754049,0.195935956,0.098192196
876658,279,0.11195511,0.115628085,0.117055618,0.132676125,0.125577725,0.103365013,0.1877284,0.106013925
898974,115,0.108492604,0.114057592,0.121172724,0.132830498,0.122814145,0.107348004,0.182332919,0.110951515
418234,46,0.139861776,0.104440911,0.119044514,0.125641356,0.118723703,0.101013736,0.177663851,0.113610154
707524,31,0.102106998,0.12526978,0.111806052,0.126185939,0.129039484,0.107371814,0.191703717,0.106516216
1527858,185,0.096581516,0.121277334,0.117509596,0.129119,0.130164074,0.105337114,0.193017909,0.106993458
1783740,156,0.094754498,0.125988921,0.110653825,0.128484486,0.136870595,0.107494646,0.19279669,0.102956338
1181696,160,0.095589249,0.121754196,0.120377325,0.135137594,0.12631756,0.107361949,0.192199683,0.101262444
832668,154,0.109582272,0.108056079,0.126856873,0.133931752,0.1256938,0.111068847,0.169850464,0.114959913
8360707,604,0.096684181,0.115091103,0.118202735,0.13791379,0.136904192,0.111857542,0.176799501,0.106546955
1604402,183,0.098107678,0.114614839,0.120425765,0.136351748,0.12616553,0.103688918,0.194162794,0.106482728
533761,71,0.088677211,0.115859791,0.120152041,0.13189548,0.125293075,0.104426147,0.196129255,0.117567001
4364865,435,0.095609997,0.117174272,0.118382055,0.128877979,0.128682178,0.105494677,0.199449959,0.106328883
3741423,465,0.095346689,0.112448075,0.123569198,0.131646917,0.129623824,0.102812586,0.190681201,0.113871509
933311,71,0.100063533,0.128372595,0.112711357,0.131599657,0.135320686,0.107894593,0.18092799,0.10310959
928270,95,0.101517277,0.118679357,0.118998363,0.122330326,0.127651042,0.107400808,0.19351188,0.109910948
3519656,227,0.087527179,0.12562194,0.107609864,0.130294549,0.14363825,0.108731593,0.195932037,0.100644588
13926113,554,0.096667814,0.126274179,0.108841888,0.124331746,0.132617757,0.114857655,0.192142915,0.104266046
585052,40,0.08984024,0.123247154,0.111929467,0.130754204,0.136646054,0.107562868,0.197906001,0.102114013
959382,39,0.093069485,0.115471171,0.119921254,0.134497074,0.133322357,0.107071345,0.190143631,0.106503683
403089,41,0.08740982,0.121441718,0.108986185,0.130543833,0.136909604,0.110260337,0.202953225,0.101495278
611092,95,0.095779173,0.111617202,0.119385509,0.132957462,0.131381747,0.107925313,0.192036814,0.10891678
1854024,205,0.099129958,0.109244706,0.125910014,0.13099003,0.128824793,0.106865702,0.181739953,0.117294843
594523,51,0.086273034,0.126216053,0.115644527,0.132978069,0.149065035,0.115199266,0.173959759,0.100664257
670863,34,0.089456157,0.125756935,0.119446319,0.137812534,0.138042085,0.103605203,0.182225793,0.103654973
324266,117,0.092559259,0.122919766,0.114263326,0.132116365,0.135155821,0.105496463,0.193959959,0.10352904
434005,78,0.102793223,0.115060327,0.11981819,0.138862369,0.134955327,0.110836158,0.173509872,0.104164534
596961,63,0.102900205,0.110127114,0.12535681,0.129407136,0.124521313,0.105308403,0.186166966,0.116212051
700273,30,0.097108324,0.121830964,0.112061063,0.129226473,0.133168266,0.109490136,0.189209171,0.107905603
1359400,165,0.096429978,0.123211235,0.118072366,0.128926452,0.12381443,0.106391119,0.197120352,0.106034068
931001,60,0.10248511,0.117607133,0.123474181,0.134980726,0.125233801,0.106933212,0.186363027,0.10292281
1687185,105,0.088722141,0.121133761,0.108312624,0.133057009,0.141271494,0.111476953,0.193387425,0.102638593
785872,53,0.111927615,0.115286358,0.125266236,0.132488374,0.127307411,0.106259627,0.174361944,0.107102434
545664,29,0.103428153,0.113885084,0.120462087,0.130263334,0.127330098,0.106070705,0.185359049,0.113201489
487972,46,0.081857885,0.118622701,0.113224436,0.131623338,0.148929055,0.106308842,0.191752097,0.107681646
807628,84,0.089786099,0.127005736,0.108676759,0.130377649,0.138476369,0.108246642,0.194433429,0.102997318
200726,43,0.107657201,0.105136864,0.122117361,0.128580351,0.124829768,0.104869918,0.187295318,0.119513219
412154,26,0.103846063,0.122620062,0.111911737,0.130731351,0.132374037,0.108025668,0.187924333,0.10256675
1034064,70,0.086154436,0.124707406,0.103209615,0.130459013,0.141044607,0.112603489,0.203516489,0.098304945
777609,61,0.094195576,0.121787959,0.115003834,0.132916591,0.132370072,0.105377798,0.192847011,0.105501159
1004893,137,0.113268513,0.132938058,0.110876665,0.126548866,0.11810111,0.10722599,0.188739142,0.102301655
974087,64,0.093385625,0.123267496,0.11600012,0.136803044,0.135061372,0.107327278,0.187335286,0.100819781
21190883,2877,0.105955245,0.125815256,0.111921023,0.12793021,0.123130479,0.102201329,0.192619182,0.110427277
620806,9,0.096332799,0.119078271,0.118697034,0.130812157,0.131572452,0.108134316,0.187534355,0.107838616
1357888,231,0.090837871,0.11520987,0.116613831,0.130824936,0.128767209,0.108533138,0.200646102,0.108567043
1277619,456,0.096818673,0.109940134,0.126816255,0.137898416,0.12557201,0.099388968,0.195146514,0.108419031
473165,69,0.101358253,0.115517905,0.113472555,0.129288266,0.130529047,0.106458942,0.198085901,0.105289131
763815,67,0.106497046,0.115971024,0.115253894,0.130591863,0.126516786,0.109154524,0.18839668,0.107618182
1485761,156,0.111698321,0.126910029,0.110080079,0.124664528,0.124092325,0.105157665,0.187187549,0.110209503
2283491,251,0.096936016,0.119319998,0.114081898,0.13092573,0.130107688,0.106771465,0.196610061,0.105247143
1224127,82,0.083477653,0.12584799,0.118003024,0.134882897,0.138787339,0.106007611,0.18394016,0.109053325
311741,39,0.112473685,0.116495809,0.120028127,0.129440167,0.129155385,0.102824342,0.179079674,0.110502811
480377,68,0.097475479,0.114757134,0.118817923,0.134117426,0.137071935,0.107955907,0.178871824,0.110932373
8655723,551,0.10203386,0.127286001,0.114855458,0.135242178,0.128467433,0.104942761,0.186798682,0.100373626
1751426,664,0.112936854,0.109711455,0.124463131,0.133640629,0.122484032,0.104301011,0.183039581,0.109423307
5483940,258,0.095964594,0.128416913,0.112139633,0.13041199,0.130542979,0.116711048,0.188937355,0.096875487
497153,87,0.08896211,0.123563866,0.107211063,0.12926791,0.137366128,0.115104161,0.199809096,0.098715666
753974,92,0.102647659,0.115646711,0.123177393,0.136833755,0.128796885,0.107338987,0.180907125,0.104651485
371754,51,0.111020568,0.105110215,0.122871557,0.131800878,0.12457939,0.106839872,0.183926043,0.113851478
2477746,145,0.091592321,0.116501457,0.121734272,0.136889488,0.129276483,0.100609559,0.193788625,0.109607795
4119616,534,0.102614003,0.127984748,0.110358578,0.128188049,0.125317003,0.10576166,0.200534797,0.099241162
3074172,292,0.103837777,0.125243929,0.107010284,0.126484625,0.12627738,0.105141685,0.20512613,0.10087819
362609,39,0.096589252,0.120962754,0.110875492,0.133016186,0.137752569,0.106990987,0.184725059,0.109087702
315244,32,0.093408009,0.114604821,0.112591082,0.133514092,0.132117593,0.109241668,0.202001156,0.10252158
4060628,356,0.127903825,0.117970878,0.120742044,0.121925766,0.117665763,0.104955649,0.175254509,0.113581565
442623,69,0.142896758,0.113352643,0.116690013,0.129560892,0.116750626,0.098277739,0.175197677,0.107273652
944836,82,0.085372024,0.130455802,0.104911546,0.129896313,0.135927424,0.108866481,0.208069954,0.096500456
2398373,303,0.094962384,0.130206241,0.114106163,0.127494394,0.126856369,0.106563447,0.188239074,0.111571927
1888717,211,0.109907971,0.112775542,0.124723779,0.132357675,0.131724849,0.10246521,0.173643098,0.112401876
3830672,537,0.109515429,0.123255312,0.114854964,0.125567966,0.124964009,0.108241191,0.18355052,0.110050609
1281570,111,0.118298685,0.11783222,0.116526752,0.126412384,0.120850163,0.104993317,0.181382202,0.113704277
1109822,60,0.086572219,0.125078134,0.107819654,0.131788852,0.137976237,0.111053575,0.200932082,0.098779246
672113,76,0.088041739,0.125003701,0.112206697,0.132895056,0.133395158,0.107918672,0.198580388,0.101958589
230569,49,0.105825131,0.112183643,0.123920125,0.134092406,0.126092753,0.103698577,0.181891376,0.11229599
990220,139,0.107139494,0.107951687,0.125326082,0.141208528,0.124568528,0.107991947,0.179954632,0.105859103
735638,358,0.097938021,0.134970058,0.114364465,0.136579361,0.129823546,0.101195522,0.187515661,0.097613367
437132,57,0.104387468,0.12839833,0.112665552,0.127418401,0.129161693,0.104659152,0.18830818,0.105001224
984223,174,0.102288627,0.117414954,0.115289464,0.130827659,0.124838096,0.103570313,0.19176571,0.114005177
785293,76,0.091467537,0.125591038,0.109408256,0.131615651,0.130128323,0.111343624,0.196425705,0.104019867
838799,85,0.099327311,0.1218611,0.120290757,0.13737629,0.128221763,0.106441488,0.183767192,0.102714099
1520108,218,0.100545314,0.112608804,0.124190786,0.135565588,0.129042191,0.103132027,0.181042454,0.113872836
1384333,102,0.115271898,0.127815731,0.112418297,0.128889959,0.123365539,0.10493825,0.177166934,0.110133391
799797,83,0.10114944,0.128385639,0.111903464,0.125656834,0.132109726,0.107970665,0.188113471,0.10471076
857181,131,0.125788688,0.124822135,0.113429719,0.126162092,0.126015733,0.105421635,0.173185715,0.105174283
749952,119,0.103147807,0.114789094,0.121063321,0.132690742,0.127935359,0.103399475,0.177891205,0.119082998
9315483,638,0.087210964,0.118601059,0.112582633,0.133802459,0.137574032,0.105464501,0.197412938,0.107351414
398643,43,0.095549703,0.115775,0.115763471,0.137571197,0.135260866,0.108788036,0.186867557,0.104424171
680591,42,0.092314159,0.131419058,0.109999679,0.127865251,0.137816413,0.107389656,0.183216258,0.109979525
497899,38,0.105474634,0.12035191,0.118724767,0.128899988,0.123160548,0.109473644,0.180344987,0.113569523
1123955,197,0.092737153,0.113726864,0.123938782,0.134100418,0.133917146,0.100764399,0.183150421,0.117664818
327542,49,0.09092254,0.117243821,0.116493652,0.134077603,0.131867572,0.110369759,0.196970421,0.102054633
368974,41,0.110621285,0.102889099,0.138727968,0.128119488,0.118728245,0.101518077,0.177169306,0.122226532
325148,43,0.095608747,0.129454304,0.111054643,0.132584581,0.13601464,0.108002375,0.185295713,0.101984997
920941,166,0.091618854,0.115288028,0.115323213,0.132593514,0.138987044,0.108176037,0.187806606,0.110206704
1097533,64,0.100746807,0.110628611,0.127266555,0.137771343,0.127469466,0.107460428,0.180447375,0.108209416
1013879,59,0.097950781,0.115814018,0.122850441,0.133446773,0.13203703,0.103329689,0.18018538,0.114385889
895199,87,0.107961524,0.123646451,0.107497964,0.126014766,0.127760577,0.105570346,0.192055653,0.109492721
4883112,229,0.094311833,0.123760395,0.114337793,0.130168771,0.132044414,0.101562263,0.190022138,0.113792394
1532675,791,0.101525125,0.111203364,0.124438292,0.136628187,0.126745911,0.099569405,0.18764581,0.112243905
2291701,583,0.089619,0.120903649,0.116786937,0.135855429,0.13308492,0.103907386,0.197051499,0.10279118
13327101,669,0.091210989,0.123225361,0.116102,0.138040609,0.133860342,0.105990376,0.187563073,0.104007249
4190393,224,0.099318665,0.117577498,0.111852614,0.131164873,0.128925808,0.104667168,0.200346006,0.106147369
294961,15,0.102824626,0.107495188,0.119325216,0.132429881,0.129605297,0.115951616,0.186390436,0.105977739
843859,137,0.092822027,0.114436438,0.125306277,0.130458612,0.127930087,0.100636708,0.191014383,0.117395468
656400,70,0.111606096,0.130074033,0.110113407,0.123348898,0.123964341,0.100524769,0.189555487,0.11081297
855052,79,0.095119777,0.116830948,0.120780939,0.131575677,0.132154125,0.106480019,0.185729842,0.111328673
282994,36,0.090912987,0.123020426,0.115619134,0.131543173,0.13445235,0.110059373,0.18920675,0.105185807
1358292,233,0.096248481,0.122983305,0.117699172,0.137492747,0.135211278,0.107918089,0.182609108,0.099837821
580298,93,0.099656288,0.128961492,0.113811004,0.134419659,0.12723781,0.10935562,0.183385722,0.103172406
2161846,66,0.097441673,0.127010758,0.11026459,0.127983663,0.130901491,0.108109975,0.196432634,0.101855216
375734,16,0.080941224,0.121641503,0.10088479,0.128095582,0.145398667,0.115873875,0.212695909,0.094468451
1410164,272,0.100932248,0.129293855,0.108828714,0.129841632,0.136713692,0.109166662,0.187064118,0.098159079
665947,90,0.110709233,0.125361317,0.117531817,0.129751709,0.122659175,0.103245212,0.181334616,0.109406922
1056435,80,0.106496681,0.116132678,0.125321654,0.126166206,0.126212783,0.104308634,0.1798783,0.115483064
4204848,109,0.085254986,0.130019192,0.110783344,0.13357645,0.139055023,0.111977777,0.186277103,0.103056124
1002304,134,0.087709528,0.126338745,0.123614697,0.132634277,0.129133113,0.105598829,0.187976137,0.106994674
679711,45,0.076642242,0.129361111,0.115397125,0.128620759,0.138022235,0.110863279,0.187642411,0.113450838
329964,55,0.088103155,0.12573476,0.111971731,0.132061195,0.136862434,0.114180956,0.18880975,0.102276019
1486853,174,0.101727132,0.114974166,0.119251676,0.134317268,0.125245958,0.104237972,0.190983599,0.109262229
321896,92,0.09703442,0.109915344,0.123130316,0.136643032,0.128063299,0.103939682,0.193745539,0.107528369
2350678,99,0.082348192,0.125538204,0.105465618,0.131493877,0.143325294,0.11415975,0.198508899,0.099160166
501256,54,0.101385682,0.132497011,0.112880256,0.128920706,0.122742492,0.1096489,0.19266439,0.099260564
504508,91,0.101215553,0.116729527,0.116818299,0.132026932,0.127107289,0.111088787,0.191780645,0.103232968
250722,62,0.098297295,0.119696346,0.117354557,0.13619173,0.136841353,0.107023899,0.182553643,0.102041177
1032549,151,0.094779346,0.119564868,0.114092501,0.134686331,0.129777481,0.104794756,0.199095815,0.103208903
556147,62,0.107199847,0.114796612,0.120258586,0.128070848,0.120960058,0.10267887,0.191464637,0.114570543
657688,85,0.13643937,0.106167646,0.132648513,0.131946662,0.118865676,0.098437239,0.160198387,0.115296507
445781,56,0.087487384,0.124308725,0.110843796,0.131655145,0.136317893,0.113823373,0.197730227,0.097833457
996736,66,0.120178642,0.125040738,0.113565638,0.123416848,0.124612946,0.103391912,0.179149979,0.110643297
672797,68,0.091854941,0.12088793,0.118271359,0.1353919,0.133752502,0.105715575,0.184954092,0.109171701
185275,12,0.122944265,0.121598496,0.109392788,0.124910049,0.130602134,0.104060502,0.179327478,0.107164288
1137771,219,0.096969784,0.115429125,0.11396564,0.129956854,0.126261223,0.107420992,0.202735466,0.107260915
2724208,838,0.097094169,0.114455758,0.125849052,0.139469781,0.125859757,0.103490438,0.191162125,0.10261892
1074170,97,0.105136892,0.109177857,0.128317195,0.134014418,0.125110279,0.098776089,0.185528876,0.113938395
1008394,102,0.088279623,0.117322746,0.114780402,0.135541156,0.136681962,0.111372791,0.197680584,0.098340735
513090,45,0.099211957,0.121170814,0.114857089,0.132742408,0.129164688,0.102129533,0.194418171,0.106305341
5842377,383,0.102826205,0.111516094,0.130834286,0.136002503,0.124233677,0.099407118,0.18516335,0.110016767
1714168,166,0.085093212,0.112810365,0.123691923,0.13286454,0.131618968,0.100851879,0.199076683,0.11399243
417769,39,0.088394272,0.130916439,0.10897155,0.129815265,0.137762872,0.109834187,0.193533867,0.100771549
1044038,218,0.095416563,0.120119537,0.120058203,0.1357547,0.128808926,0.105091549,0.191366419,0.103384104
602024,81,0.090670957,0.135786041,0.111128329,0.129573381,0.133549504,0.106114579,0.193459075,0.099718133
724833,41,0.092700016,0.121881594,0.112112098,0.133241075,0.141597507,0.109307608,0.184157457,0.105002646
385647,172,0.108196277,0.109307219,0.131917569,0.142325709,0.122688715,0.101409416,0.180188968,0.103966127
583322,53,0.098831379,0.120161616,0.115290804,0.132608278,0.129844335,0.112287513,0.186413344,0.104562732
421212,33,0.138762734,0.103331036,0.127342245,0.125433748,0.114007446,0.098132728,0.178239577,0.114750487
1084634,180,0.088992053,0.124248061,0.108806059,0.133660626,0.13845629,0.110984733,0.191535824,0.103316354
522550,53,0.092997001,0.113114534,0.118835321,0.132110207,0.132693531,0.104429377,0.193032638,0.112787391
344618,15,0.099275203,0.119414604,0.11504225,0.135613565,0.132645828,0.105920585,0.187763363,0.104324602
794615,93,0.07074278,0.120970664,0.121478586,0.138083167,0.135299016,0.105457992,0.208176796,0.099791
1491698,278,0.10238085,0.12432682,0.1177263,0.128516729,0.122387028,0.10407477,0.2008421,0.099745403
313572,23,0.091857275,0.128217039,0.107333301,0.128961627,0.139365191,0.107815526,0.19911865,0.097331391
379382,43,0.086963858,0.125701656,0.103615684,0.126090637,0.152090945,0.11098593,0.194559948,0.099991342
1110781,120,0.112054716,0.11961502,0.114629937,0.127872843,0.126066076,0.10104522,0.1875128,0.111203387
1935213,111,0.094131512,0.122055574,0.116173368,0.131742897,0.13765393,0.103343949,0.182712171,0.1121866
197139,29,0.104082932,0.119926626,0.114015022,0.130849582,0.128566979,0.108709116,0.187137973,0.10671177
4016531,243,0.097247375,0.116001776,0.114436942,0.132776671,0.129885977,0.104601782,0.197805448,0.107244028
352285,40,0.099119624,0.109738827,0.118455304,0.129673586,0.132174113,0.102486432,0.189920559,0.118431554
1636425,212,0.11555559,0.108857321,0.124460147,0.131198723,0.119576482,0.10245279,0.184745607,0.11315334
1594241,87,0.079941063,0.130920131,0.108475417,0.136697624,0.145817447,0.10633327,0.192556627,0.099258421
411647,41,0.100485238,0.123358112,0.114962947,0.13251697,0.130177269,0.108443988,0.183572021,0.106483454
330238,37,0.092837666,0.111202395,0.125645495,0.13325159,0.131482069,0.103375386,0.191941106,0.110264293
176245,76,0.09246663,0.110978026,0.119332367,0.135786462,0.123291961,0.10412513,0.206171628,0.107847797
273396,99,0.087764884,0.107766016,0.117100602,0.134725713,0.125285233,0.104372789,0.220789837,0.102194925
204410,30,0.089371879,0.110106017,0.121560993,0.137221334,0.130806615,0.104747079,0.197878278,0.108307805
433202,152,0.089386318,0.109545593,0.125091621,0.137160663,0.123370214,0.099160134,0.210389899,0.105895557
304800,46,0.089450245,0.119440279,0.115735625,0.1292108,0.129893115,0.102921899,0.207916784,0.105431253
236002,82,0.094682068,0.112999993,0.124868796,0.138840838,0.126897834,0.103271101,0.195415938,0.103023432
375491,30,0.098927202,0.119868987,0.122721975,0.130838957,0.130542898,0.10635976,0.18549987,0.105240351
429084,27,0.107434391,0.11252797,0.121418655,0.133767372,0.128344008,0.102222456,0.186670756,0.107614392
723599,108,0.09340451,0.108177702,0.127581064,0.134703422,0.130352246,0.103326662,0.193560359,0.108894033
1893522,139,0.088778974,0.121513579,0.118400819,0.132389537,0.133630049,0.108808737,0.197687386,0.098790919
487630,65,0.103735042,0.131618585,0.116785507,0.128450719,0.127788857,0.101516772,0.187777119,0.102327399
258922,57,0.086923295,0.12023647,0.121023604,0.132454596,0.129244539,0.101695267,0.215384491,0.093037737
456095,45,0.112737187,0.103908925,0.133672721,0.135113969,0.121789722,0.099584033,0.177771334,0.115422109
558734,29,0.114092468,0.121999246,0.112736969,0.127076353,0.12999544,0.104662993,0.17983626,0.109600272
1314201,80,0.093541877,0.125396115,0.110685558,0.13120051,0.133283172,0.109212967,0.194857014,0.101822785
242975,51,0.107694365,0.114614434,0.117551588,0.127330298,0.125405526,0.108911079,0.183311019,0.115181691
900005,89,0.080883069,0.130493632,0.104644687,0.134079949,0.143485833,0.111576537,0.19786039,0.096975904
223082,36,0.089645735,0.116063148,0.113607973,0.131030611,0.137515037,0.109116727,0.196974918,0.106045851
1630525,255,0.098686553,0.126087868,0.108789789,0.129436398,0.137352593,0.110370087,0.190852679,0.098424031
487378,36,0.113579423,0.111129922,0.121698903,0.137197142,0.12336569,0.10650827,0.183229331,0.10329132
1294705,226,0.092272832,0.114406009,0.110432226,0.124091545,0.15417073,0.106499577,0.188577455,0.109549626
429967,33,0.085462176,0.118952867,0.111028544,0.131205172,0.137567591,0.10176329,0.212961118,0.101059243
909508,63,0.132529704,0.112699311,0.117686655,0.122686879,0.119518092,0.10383655,0.179560111,0.111482699
644637,66,0.1198114,0.115522865,0.122903421,0.120246147,0.116114581,0.101452028,0.182955824,0.120993734
554794,92,0.094650474,0.12296343,0.114057015,0.135283638,0.131995596,0.105729363,0.196065238,0.099255245
565020,127,0.103720941,0.120384813,0.118413527,0.131539412,0.130965841,0.109895752,0.181587994,0.10349172
457492,19,0.100242519,0.12335817,0.110721775,0.12648488,0.134300295,0.121018818,0.185174885,0.098698657
512588,31,0.088892036,0.117712993,0.110542608,0.128108112,0.139828147,0.109889463,0.195483398,0.109543245
438972,58,0.090513685,0.11491772,0.118108942,0.135179646,0.133736188,0.110606001,0.191765965,0.105171854
590570,111,0.102350356,0.11495203,0.117014288,0.126587922,0.127936591,0.108041012,0.185847699,0.117270103
482996,43,0.097101264,0.132585,0.114442285,0.130173157,0.128750535,0.107159279,0.193352509,0.096435971
3707266,230,0.099362329,0.118882542,0.121131672,0.136690959,0.130045264,0.104698217,0.181099036,0.10808998
1848521,99,0.092266134,0.134473978,0.112647436,0.129681548,0.13480306,0.111486184,0.18049645,0.10414521
651151,42,0.109140974,0.12602075,0.11257401,0.125479545,0.123258186,0.108186214,0.189130799,0.106209523
642201,94,0.099520372,0.125038732,0.11589713,0.131360669,0.126171072,0.106818197,0.184521471,0.110672358
363202,116,0.105292433,0.10582171,0.119150678,0.132631664,0.128062981,0.11118358,0.185135967,0.112720987
1285775,84,0.09556615,0.126956892,0.12192838,0.132152766,0.135746532,0.110860183,0.177430291,0.099358806
532759,116,0.104960536,0.12070658,0.117350349,0.133323945,0.130046843,0.102135566,0.186932129,0.104544053
241858,26,0.090264527,0.126879185,0.112360838,0.130705943,0.135455744,0.108811751,0.195305586,0.100216426
764982,24,0.107381845,0.128515379,0.113051893,0.125546607,0.124595769,0.103835271,0.187076463,0.109996772
417728,124,0.110090865,0.111832295,0.121599752,0.134255411,0.126513666,0.107103052,0.173065518,0.115539441
346702,50,0.09788398,0.120208967,0.117896689,0.130050161,0.128131192,0.109863984,0.190684147,0.105280879
368513,24,0.092951966,0.121033133,0.111886847,0.132000028,0.135231899,0.108693018,0.19655362,0.10164949
1022333,68,0.087957642,0.12505701,0.113255966,0.132925093,0.131759322,0.108223114,0.200551263,0.100270591
817651,42,0.097587039,0.122204669,0.104820032,0.124186353,0.123914258,0.117152698,0.208709365,0.101425586
930647,89,0.094121546,0.116589875,0.120589576,0.135027725,0.13338137,0.11077574,0.185908198,0.10360597
505714,51,0.087983686,0.120975765,0.114806041,0.136207445,0.135468615,0.109376047,0.195654938,0.099527464
774492,36,0.091202349,0.120977535,0.117583766,0.134966283,0.135116188,0.105975797,0.190010493,0.104167588
212202,22,0.110641455,0.116881997,0.116618677,0.131190756,0.127416175,0.107054791,0.187477884,0.102718264
389420,117,0.108031806,0.130339449,0.11050769,0.12887071,0.123445537,0.103664763,0.195456183,0.099683862
326663,35,0.094423379,0.115798147,0.114851989,0.135721733,0.128501248,0.102481942,0.203920695,0.104300867
1205867,144,0.096434974,0.119926364,0.115914616,0.136350817,0.133430372,0.109166794,0.184619323,0.10415674
837508,42,0.114565753,0.126055962,0.115556063,0.122926255,0.123143705,0.100504434,0.180464581,0.116783248
1013266,67,0.090953602,0.115999495,0.11330767,0.131831627,0.135090906,0.110741696,0.193223521,0.108851482
401015,50,0.145506538,0.123230585,0.107289436,0.120919181,0.119861073,0.102268464,0.174841963,0.106082759
1065681,53,0.083225284,0.125764876,0.105280705,0.128825136,0.143634621,0.111182359,0.195599968,0.106487052
